    29.900
.400000E+03 1.7754E+02 0.1103
.410000E+03 1.6800E+02 0.1200
.420000E+03 1.6188E+02 0.1296
.430000E+03 1.1930E+02 0.1390
.440000E+03 1.8051E+02 0.1479
.450000E+03 2.1512E+02 0.1568
.460000E+03 2.0989E+02 0.1652
.470000E+03 2.1327E+02 0.1733
.480000E+03 2.1566E+02 0.1810
.490000E+03 2.1449E+02 0.1886
.500000E+03 1.9704E+02 0.1956
.510000E+03 2.0228E+02 0.2013
.520000E+03 1.8900E+02 0.2086
.530000E+03 1.9666E+02 0.2137
.540000E+03 1.8957E+02 0.2191
.550000E+03 1.9388E+02 0.2248
.560000E+03 1.8903E+02 0.2331
.570000E+03 1.9219E+02 0.2365
.580000E+03 1.9255E+02 0.2490
.590000E+03 1.7777E+02 0.2342
.600000E+03 1.8481E+02 0.2597
.610000E+03 1.7924E+02 0.2737
.620000E+03 1.7685E+02 0.2832
.630000E+03 1.7133E+02 0.2849
.640000E+03 1.6681E+02 0.2998
.650000E+03 1.5740E+02 0.2984
.660000E+03 1.6099E+02 0.3131
.670000E+03 1.5909E+02 0.3254
.680000E+03 1.5500E+02 0.3329
.690000E+03 1.5349E+02 0.2934
.700000E+03 1.4824E+02 0.3148
    29.910
.400000E+03 1.7754E+02 0.1103
.410000E+03 1.6800E+02 0.1200
.420000E+03 1.6188E+02 0.1296
.430000E+03 1.1930E+02 0.1389
.440000E+03 1.8051E+02 0.1479
.450000E+03 2.1512E+02 0.1568
.460000E+03 2.0989E+02 0.1652
.470000E+03 2.1327E+02 0.1733
.480000E+03 2.1566E+02 0.1809
.490000E+03 2.1449E+02 0.1886
.500000E+03 1.9704E+02 0.1955
.510000E+03 2.0228E+02 0.2012
.520000E+03 1.8900E+02 0.2086
.530000E+03 1.9666E+02 0.2137
.540000E+03 1.8957E+02 0.2190
.550000E+03 1.9388E+02 0.2247
.560000E+03 1.8903E+02 0.2331
.570000E+03 1.9219E+02 0.2364
.580000E+03 1.9255E+02 0.2489
.590000E+03 1.7777E+02 0.2341
.600000E+03 1.8481E+02 0.2597
.610000E+03 1.7924E+02 0.2737
.620000E+03 1.7685E+02 0.2832
.630000E+03 1.7133E+02 0.2848
.640000E+03 1.6681E+02 0.2998
.650000E+03 1.5740E+02 0.2984
.660000E+03 1.6099E+02 0.3131
.670000E+03 1.5909E+02 0.3253
.680000E+03 1.5500E+02 0.3328
.690000E+03 1.5349E+02 0.2934
.700000E+03 1.4824E+02 0.3148
    29.920
.400000E+03 1.7754E+02 0.1103
.410000E+03 1.6800E+02 0.1200
.420000E+03 1.6188E+02 0.1296
.430000E+03 1.1930E+02 0.1389
.440000E+03 1.8051E+02 0.1479
.450000E+03 2.1512E+02 0.1568
.460000E+03 2.0989E+02 0.1652
.470000E+03 2.1327E+02 0.1733
.480000E+03 2.1566E+02 0.1809
.490000E+03 2.1449E+02 0.1885
.500000E+03 1.9704E+02 0.1955
.510000E+03 2.0228E+02 0.2012
.520000E+03 1.8900E+02 0.2086
.530000E+03 1.9666E+02 0.2136
.540000E+03 1.8957E+02 0.2190
.550000E+03 1.9388E+02 0.2247
.560000E+03 1.8903E+02 0.2330
.570000E+03 1.9219E+02 0.2364
.580000E+03 1.9255E+02 0.2489
.590000E+03 1.7777E+02 0.2341
.600000E+03 1.8481E+02 0.2596
.610000E+03 1.7924E+02 0.2737
.620000E+03 1.7685E+02 0.2831
.630000E+03 1.7133E+02 0.2848
.640000E+03 1.6681E+02 0.2997
.650000E+03 1.5740E+02 0.2983
.660000E+03 1.6099E+02 0.3130
.670000E+03 1.5909E+02 0.3253
.680000E+03 1.5500E+02 0.3328
.690000E+03 1.5349E+02 0.2934
.700000E+03 1.4824E+02 0.3147
    29.930
.400000E+03 1.7754E+02 0.1102
.410000E+03 1.6800E+02 0.1200
.420000E+03 1.6188E+02 0.1295
.430000E+03 1.1930E+02 0.1389
.440000E+03 1.8051E+02 0.1478
.450000E+03 2.1512E+02 0.1567
.460000E+03 2.0989E+02 0.1651
.470000E+03 2.1327E+02 0.1732
.480000E+03 2.1566E+02 0.1809
.490000E+03 2.1449E+02 0.1885
.500000E+03 1.9704E+02 0.1955
.510000E+03 2.0228E+02 0.2012
.520000E+03 1.8900E+02 0.2085
.530000E+03 1.9666E+02 0.2136
.540000E+03 1.8957E+02 0.2190
.550000E+03 1.9388E+02 0.2247
.560000E+03 1.8903E+02 0.2330
.570000E+03 1.9219E+02 0.2364
.580000E+03 1.9255E+02 0.2489
.590000E+03 1.7777E+02 0.2341
.600000E+03 1.8481E+02 0.2596
.610000E+03 1.7924E+02 0.2736
.620000E+03 1.7685E+02 0.2831
.630000E+03 1.7133E+02 0.2847
.640000E+03 1.6681E+02 0.2997
.650000E+03 1.5740E+02 0.2983
.660000E+03 1.6099E+02 0.3130
.670000E+03 1.5909E+02 0.3253
.680000E+03 1.5500E+02 0.3327
.690000E+03 1.5349E+02 0.2933
.700000E+03 1.4824E+02 0.3147
    29.940
.400000E+03 1.7754E+02 0.1102
.410000E+03 1.6800E+02 0.1199
.420000E+03 1.6188E+02 0.1295
.430000E+03 1.1930E+02 0.1389
.440000E+03 1.8051E+02 0.1478
.450000E+03 2.1512E+02 0.1567
.460000E+03 2.0989E+02 0.1651
.470000E+03 2.1327E+02 0.1732
.480000E+03 2.1566E+02 0.1809
.490000E+03 2.1449E+02 0.1885
.500000E+03 1.9704E+02 0.1954
.510000E+03 2.0228E+02 0.2011
.520000E+03 1.8900E+02 0.2085
.530000E+03 1.9666E+02 0.2136
.540000E+03 1.8957E+02 0.2189
.550000E+03 1.9388E+02 0.2246
.560000E+03 1.8903E+02 0.2330
.570000E+03 1.9219E+02 0.2363
.580000E+03 1.9255E+02 0.2488
.590000E+03 1.7777E+02 0.2340
.600000E+03 1.8481E+02 0.2596
.610000E+03 1.7924E+02 0.2736
.620000E+03 1.7685E+02 0.2831
.630000E+03 1.7133E+02 0.2847
.640000E+03 1.6681E+02 0.2997
.650000E+03 1.5740E+02 0.2983
.660000E+03 1.6099E+02 0.3130
.670000E+03 1.5909E+02 0.3252
.680000E+03 1.5500E+02 0.3327
.690000E+03 1.5349E+02 0.2933
.700000E+03 1.4824E+02 0.3146
    29.950
.400000E+03 1.7754E+02 0.1102
.410000E+03 1.6800E+02 0.1199
.420000E+03 1.6188E+02 0.1295
.430000E+03 1.1930E+02 0.1388
.440000E+03 1.8051E+02 0.1478
.450000E+03 2.1512E+02 0.1567
.460000E+03 2.0989E+02 0.1651
.470000E+03 2.1327E+02 0.1732
.480000E+03 2.1566E+02 0.1808
.490000E+03 2.1449E+02 0.1884
.500000E+03 1.9704E+02 0.1954
.510000E+03 2.0228E+02 0.2011
.520000E+03 1.8900E+02 0.2085
.530000E+03 1.9666E+02 0.2135
.540000E+03 1.8957E+02 0.2189
.550000E+03 1.9388E+02 0.2246
.560000E+03 1.8903E+02 0.2329
.570000E+03 1.9219E+02 0.2363
.580000E+03 1.9255E+02 0.2488
.590000E+03 1.7777E+02 0.2340
.600000E+03 1.8481E+02 0.2595
.610000E+03 1.7924E+02 0.2736
.620000E+03 1.7685E+02 0.2830
.630000E+03 1.7133E+02 0.2847
.640000E+03 1.6681E+02 0.2996
.650000E+03 1.5740E+02 0.2982
.660000E+03 1.6099E+02 0.3129
.670000E+03 1.5909E+02 0.3252
.680000E+03 1.5500E+02 0.3327
.690000E+03 1.5349E+02 0.2933
.700000E+03 1.4824E+02 0.3146
    29.960
.400000E+03 1.7754E+02 0.1102
.410000E+03 1.6800E+02 0.1199
.420000E+03 1.6188E+02 0.1295
.430000E+03 1.1930E+02 0.1388
.440000E+03 1.8051E+02 0.1477
.450000E+03 2.1512E+02 0.1567
.460000E+03 2.0989E+02 0.1650
.470000E+03 2.1327E+02 0.1731
.480000E+03 2.1566E+02 0.1808
.490000E+03 2.1449E+02 0.1884
.500000E+03 1.9704E+02 0.1954
.510000E+03 2.0228E+02 0.2011
.520000E+03 1.8900E+02 0.2084
.530000E+03 1.9666E+02 0.2135
.540000E+03 1.8957E+02 0.2189
.550000E+03 1.9388E+02 0.2246
.560000E+03 1.8903E+02 0.2329
.570000E+03 1.9219E+02 0.2363
.580000E+03 1.9255E+02 0.2488
.590000E+03 1.7777E+02 0.2340
.600000E+03 1.8481E+02 0.2595
.610000E+03 1.7924E+02 0.2735
.620000E+03 1.7685E+02 0.2830
.630000E+03 1.7133E+02 0.2846
.640000E+03 1.6681E+02 0.2996
.650000E+03 1.5740E+02 0.2982
.660000E+03 1.6099E+02 0.3129
.670000E+03 1.5909E+02 0.3251
.680000E+03 1.5500E+02 0.3326
.690000E+03 1.5349E+02 0.2932
.700000E+03 1.4824E+02 0.3146
    29.970
.400000E+03 1.7754E+02 0.1101
.410000E+03 1.6800E+02 0.1199
.420000E+03 1.6188E+02 0.1294
.430000E+03 1.1930E+02 0.1388
.440000E+03 1.8051E+02 0.1477
.450000E+03 2.1512E+02 0.1566
.460000E+03 2.0989E+02 0.1650
.470000E+03 2.1327E+02 0.1731
.480000E+03 2.1566E+02 0.1808
.490000E+03 2.1449E+02 0.1884
.500000E+03 1.9704E+02 0.1953
.510000E+03 2.0228E+02 0.2010
.520000E+03 1.8900E+02 0.2084
.530000E+03 1.9666E+02 0.2135
.540000E+03 1.8957E+02 0.2188
.550000E+03 1.9388E+02 0.2245
.560000E+03 1.8903E+02 0.2329
.570000E+03 1.9219E+02 0.2362
.580000E+03 1.9255E+02 0.2487
.590000E+03 1.7777E+02 0.2339
.600000E+03 1.8481E+02 0.2594
.610000E+03 1.7924E+02 0.2735
.620000E+03 1.7685E+02 0.2830
.630000E+03 1.7133E+02 0.2846
.640000E+03 1.6681E+02 0.2996
.650000E+03 1.5740E+02 0.2982
.660000E+03 1.6099E+02 0.3129
.670000E+03 1.5909E+02 0.3251
.680000E+03 1.5500E+02 0.3326
.690000E+03 1.5349E+02 0.2932
.700000E+03 1.4824E+02 0.3145
    29.980
.400000E+03 1.7754E+02 0.1101
.410000E+03 1.6800E+02 0.1198
.420000E+03 1.6188E+02 0.1294
.430000E+03 1.1930E+02 0.1387
.440000E+03 1.8051E+02 0.1477
.450000E+03 2.1512E+02 0.1566
.460000E+03 2.0989E+02 0.1650
.470000E+03 2.1327E+02 0.1731
.480000E+03 2.1566E+02 0.1807
.490000E+03 2.1449E+02 0.1883
.500000E+03 1.9704E+02 0.1953
.510000E+03 2.0228E+02 0.2010
.520000E+03 1.8900E+02 0.2084
.530000E+03 1.9666E+02 0.2134
.540000E+03 1.8957E+02 0.2188
.550000E+03 1.9388E+02 0.2245
.560000E+03 1.8903E+02 0.2328
.570000E+03 1.9219E+02 0.2362
.580000E+03 1.9255E+02 0.2487
.590000E+03 1.7777E+02 0.2339
.600000E+03 1.8481E+02 0.2594
.610000E+03 1.7924E+02 0.2735
.620000E+03 1.7685E+02 0.2829
.630000E+03 1.7133E+02 0.2846
.640000E+03 1.6681E+02 0.2995
.650000E+03 1.5740E+02 0.2981
.660000E+03 1.6099E+02 0.3128
.670000E+03 1.5909E+02 0.3251
.680000E+03 1.5500E+02 0.3326
.690000E+03 1.5349E+02 0.2932
.700000E+03 1.4824E+02 0.3145
    29.990
.400000E+03 1.7754E+02 0.1101
.410000E+03 1.6800E+02 0.1198
.420000E+03 1.6188E+02 0.1294
.430000E+03 1.1930E+02 0.1387
.440000E+03 1.8051E+02 0.1477
.450000E+03 2.1512E+02 0.1566
.460000E+03 2.0989E+02 0.1650
.470000E+03 2.1327E+02 0.1731
.480000E+03 2.1566E+02 0.1807
.490000E+03 2.1449E+02 0.1883
.500000E+03 1.9704E+02 0.1953
.510000E+03 2.0228E+02 0.2010
.520000E+03 1.8900E+02 0.2083
.530000E+03 1.9666E+02 0.2134
.540000E+03 1.8957E+02 0.2188
.550000E+03 1.9388E+02 0.2245
.560000E+03 1.8903E+02 0.2328
.570000E+03 1.9219E+02 0.2362
.580000E+03 1.9255E+02 0.2487
.590000E+03 1.7777E+02 0.2339
.600000E+03 1.8481E+02 0.2594
.610000E+03 1.7924E+02 0.2734
.620000E+03 1.7685E+02 0.2829
.630000E+03 1.7133E+02 0.2845
.640000E+03 1.6681E+02 0.2995
.650000E+03 1.5740E+02 0.2981
.660000E+03 1.6099E+02 0.3128
.670000E+03 1.5909E+02 0.3250
.680000E+03 1.5500E+02 0.3325
.690000E+03 1.5349E+02 0.2931
.700000E+03 1.4824E+02 0.3145
    30.000
.400000E+03 1.7754E+02 0.1101
.410000E+03 1.6800E+02 0.1198
.420000E+03 1.6188E+02 0.1294
.430000E+03 1.1930E+02 0.1387
.440000E+03 1.8051E+02 0.1476
.450000E+03 2.1512E+02 0.1565
.460000E+03 2.0989E+02 0.1649
.470000E+03 2.1327E+02 0.1730
.480000E+03 2.1566E+02 0.1807
.490000E+03 2.1449E+02 0.1883
.500000E+03 1.9704E+02 0.1952
.510000E+03 2.0228E+02 0.2009
.520000E+03 1.8900E+02 0.2083
.530000E+03 1.9666E+02 0.2134
.540000E+03 1.8957E+02 0.2187
.550000E+03 1.9388E+02 0.2244
.560000E+03 1.8903E+02 0.2328
.570000E+03 1.9219E+02 0.2361
.580000E+03 1.9255E+02 0.2486
.590000E+03 1.7777E+02 0.2338
.600000E+03 1.8481E+02 0.2593
.610000E+03 1.7924E+02 0.2734
.620000E+03 1.7685E+02 0.2828
.630000E+03 1.7133E+02 0.2845
.640000E+03 1.6681E+02 0.2994
.650000E+03 1.5740E+02 0.2981
.660000E+03 1.6099E+02 0.3128
.670000E+03 1.5909E+02 0.3250
.680000E+03 1.5500E+02 0.3325
.690000E+03 1.5349E+02 0.2931
.700000E+03 1.4824E+02 0.3144
    30.010
.400000E+03 1.7754E+02 0.1100
.410000E+03 1.6800E+02 0.1198
.420000E+03 1.6188E+02 0.1293
.430000E+03 1.1930E+02 0.1387
.440000E+03 1.8051E+02 0.1476
.450000E+03 2.1512E+02 0.1565
.460000E+03 2.0989E+02 0.1649
.470000E+03 2.1327E+02 0.1730
.480000E+03 2.1566E+02 0.1806
.490000E+03 2.1449E+02 0.1882
.500000E+03 1.9704E+02 0.1952
.510000E+03 2.0228E+02 0.2009
.520000E+03 1.8900E+02 0.2083
.530000E+03 1.9666E+02 0.2133
.540000E+03 1.8957E+02 0.2187
.550000E+03 1.9388E+02 0.2244
.560000E+03 1.8903E+02 0.2327
.570000E+03 1.9219E+02 0.2361
.580000E+03 1.9255E+02 0.2486
.590000E+03 1.7777E+02 0.2338
.600000E+03 1.8481E+02 0.2593
.610000E+03 1.7924E+02 0.2733
.620000E+03 1.7685E+02 0.2828
.630000E+03 1.7133E+02 0.2845
.640000E+03 1.6681E+02 0.2994
.650000E+03 1.5740E+02 0.2980
.660000E+03 1.6099E+02 0.3127
.670000E+03 1.5909E+02 0.3250
.680000E+03 1.5500E+02 0.3324
.690000E+03 1.5349E+02 0.2931
.700000E+03 1.4824E+02 0.3144
    30.020
.400000E+03 1.7754E+02 0.1100
.410000E+03 1.6800E+02 0.1197
.420000E+03 1.6188E+02 0.1293
.430000E+03 1.1930E+02 0.1386
.440000E+03 1.8051E+02 0.1476
.450000E+03 2.1512E+02 0.1565
.460000E+03 2.0989E+02 0.1649
.470000E+03 2.1327E+02 0.1730
.480000E+03 2.1566E+02 0.1806
.490000E+03 2.1449E+02 0.1882
.500000E+03 1.9704E+02 0.1952
.510000E+03 2.0228E+02 0.2009
.520000E+03 1.8900E+02 0.2082
.530000E+03 1.9666E+02 0.2133
.540000E+03 1.8957E+02 0.2187
.550000E+03 1.9388E+02 0.2244
.560000E+03 1.8903E+02 0.2327
.570000E+03 1.9219E+02 0.2361
.580000E+03 1.9255E+02 0.2486
.590000E+03 1.7777E+02 0.2338
.600000E+03 1.8481E+02 0.2593
.610000E+03 1.7924E+02 0.2733
.620000E+03 1.7685E+02 0.2828
.630000E+03 1.7133E+02 0.2844
.640000E+03 1.6681E+02 0.2994
.650000E+03 1.5740E+02 0.2980
.660000E+03 1.6099E+02 0.3127
.670000E+03 1.5909E+02 0.3249
.680000E+03 1.5500E+02 0.3324
.690000E+03 1.5349E+02 0.2930
.700000E+03 1.4824E+02 0.3144
    30.030
.400000E+03 1.7754E+02 0.1100
.410000E+03 1.6800E+02 0.1197
.420000E+03 1.6188E+02 0.1293
.430000E+03 1.1930E+02 0.1386
.440000E+03 1.8051E+02 0.1475
.450000E+03 2.1512E+02 0.1565
.460000E+03 2.0989E+02 0.1648
.470000E+03 2.1327E+02 0.1729
.480000E+03 2.1566E+02 0.1806
.490000E+03 2.1449E+02 0.1882
.500000E+03 1.9704E+02 0.1951
.510000E+03 2.0228E+02 0.2008
.520000E+03 1.8900E+02 0.2082
.530000E+03 1.9666E+02 0.2133
.540000E+03 1.8957E+02 0.2186
.550000E+03 1.9388E+02 0.2243
.560000E+03 1.8903E+02 0.2326
.570000E+03 1.9219E+02 0.2360
.580000E+03 1.9255E+02 0.2485
.590000E+03 1.7777E+02 0.2337
.600000E+03 1.8481E+02 0.2592
.610000E+03 1.7924E+02 0.2733
.620000E+03 1.7685E+02 0.2827
.630000E+03 1.7133E+02 0.2844
.640000E+03 1.6681E+02 0.2993
.650000E+03 1.5740E+02 0.2979
.660000E+03 1.6099E+02 0.3126
.670000E+03 1.5909E+02 0.3249
.680000E+03 1.5500E+02 0.3324
.690000E+03 1.5349E+02 0.2930
.700000E+03 1.4824E+02 0.3143
    30.040
.400000E+03 1.7754E+02 0.1100
.410000E+03 1.6800E+02 0.1197
.420000E+03 1.6188E+02 0.1292
.430000E+03 1.1930E+02 0.1386
.440000E+03 1.8051E+02 0.1475
.450000E+03 2.1512E+02 0.1564
.460000E+03 2.0989E+02 0.1648
.470000E+03 2.1327E+02 0.1729
.480000E+03 2.1566E+02 0.1805
.490000E+03 2.1449E+02 0.1881
.500000E+03 1.9704E+02 0.1951
.510000E+03 2.0228E+02 0.2008
.520000E+03 1.8900E+02 0.2082
.530000E+03 1.9666E+02 0.2132
.540000E+03 1.8957E+02 0.2186
.550000E+03 1.9388E+02 0.2243
.560000E+03 1.8903E+02 0.2326
.570000E+03 1.9219E+02 0.2360
.580000E+03 1.9255E+02 0.2485
.590000E+03 1.7777E+02 0.2337
.600000E+03 1.8481E+02 0.2592
.610000E+03 1.7924E+02 0.2732
.620000E+03 1.7685E+02 0.2827
.630000E+03 1.7133E+02 0.2844
.640000E+03 1.6681E+02 0.2993
.650000E+03 1.5740E+02 0.2979
.660000E+03 1.6099E+02 0.3126
.670000E+03 1.5909E+02 0.3249
.680000E+03 1.5500E+02 0.3323
.690000E+03 1.5349E+02 0.2930
.700000E+03 1.4824E+02 0.3143
    30.050
.400000E+03 1.7754E+02 0.1100
.410000E+03 1.6800E+02 0.1197
.420000E+03 1.6188E+02 0.1292
.430000E+03 1.1930E+02 0.1386
.440000E+03 1.8051E+02 0.1475
.450000E+03 2.1512E+02 0.1564
.460000E+03 2.0989E+02 0.1648
.470000E+03 2.1327E+02 0.1729
.480000E+03 2.1566E+02 0.1805
.490000E+03 2.1449E+02 0.1881
.500000E+03 1.9704E+02 0.1951
.510000E+03 2.0228E+02 0.2008
.520000E+03 1.8900E+02 0.2081
.530000E+03 1.9666E+02 0.2132
.540000E+03 1.8957E+02 0.2186
.550000E+03 1.9388E+02 0.2243
.560000E+03 1.8903E+02 0.2326
.570000E+03 1.9219E+02 0.2360
.580000E+03 1.9255E+02 0.2484
.590000E+03 1.7777E+02 0.2337
.600000E+03 1.8481E+02 0.2592
.610000E+03 1.7924E+02 0.2732
.620000E+03 1.7685E+02 0.2827
.630000E+03 1.7133E+02 0.2843
.640000E+03 1.6681E+02 0.2993
.650000E+03 1.5740E+02 0.2979
.660000E+03 1.6099E+02 0.3126
.670000E+03 1.5909E+02 0.3248
.680000E+03 1.5500E+02 0.3323
.690000E+03 1.5349E+02 0.2929
.700000E+03 1.4824E+02 0.3143
    30.060
.400000E+03 1.7754E+02 0.1099
.410000E+03 1.6800E+02 0.1196
.420000E+03 1.6188E+02 0.1292
.430000E+03 1.1930E+02 0.1385
.440000E+03 1.8051E+02 0.1475
.450000E+03 2.1512E+02 0.1564
.460000E+03 2.0989E+02 0.1647
.470000E+03 2.1327E+02 0.1728
.480000E+03 2.1566E+02 0.1805
.490000E+03 2.1449E+02 0.1881
.500000E+03 1.9704E+02 0.1950
.510000E+03 2.0228E+02 0.2007
.520000E+03 1.8900E+02 0.2081
.530000E+03 1.9666E+02 0.2132
.540000E+03 1.8957E+02 0.2185
.550000E+03 1.9388E+02 0.2242
.560000E+03 1.8903E+02 0.2325
.570000E+03 1.9219E+02 0.2359
.580000E+03 1.9255E+02 0.2484
.590000E+03 1.7777E+02 0.2336
.600000E+03 1.8481E+02 0.2591
.610000E+03 1.7924E+02 0.2732
.620000E+03 1.7685E+02 0.2826
.630000E+03 1.7133E+02 0.2843
.640000E+03 1.6681E+02 0.2992
.650000E+03 1.5740E+02 0.2978
.660000E+03 1.6099E+02 0.3125
.670000E+03 1.5909E+02 0.3248
.680000E+03 1.5500E+02 0.3323
.690000E+03 1.5349E+02 0.2929
.700000E+03 1.4824E+02 0.3142
    30.070
.400000E+03 1.7754E+02 0.1099
.410000E+03 1.6800E+02 0.1196
.420000E+03 1.6188E+02 0.1292
.430000E+03 1.1930E+02 0.1385
.440000E+03 1.8051E+02 0.1474
.450000E+03 2.1512E+02 0.1563
.460000E+03 2.0989E+02 0.1647
.470000E+03 2.1327E+02 0.1728
.480000E+03 2.1566E+02 0.1804
.490000E+03 2.1449E+02 0.1880
.500000E+03 1.9704E+02 0.1950
.510000E+03 2.0228E+02 0.2007
.520000E+03 1.8900E+02 0.2081
.530000E+03 1.9666E+02 0.2131
.540000E+03 1.8957E+02 0.2185
.550000E+03 1.9388E+02 0.2242
.560000E+03 1.8903E+02 0.2325
.570000E+03 1.9219E+02 0.2359
.580000E+03 1.9255E+02 0.2484
.590000E+03 1.7777E+02 0.2336
.600000E+03 1.8481E+02 0.2591
.610000E+03 1.7924E+02 0.2731
.620000E+03 1.7685E+02 0.2826
.630000E+03 1.7133E+02 0.2842
.640000E+03 1.6681E+02 0.2992
.650000E+03 1.5740E+02 0.2978
.660000E+03 1.6099E+02 0.3125
.670000E+03 1.5909E+02 0.3247
.680000E+03 1.5500E+02 0.3322
.690000E+03 1.5349E+02 0.2929
.700000E+03 1.4824E+02 0.3142
    30.080
.400000E+03 1.7754E+02 0.1099
.410000E+03 1.6800E+02 0.1196
.420000E+03 1.6188E+02 0.1291
.430000E+03 1.1930E+02 0.1385
.440000E+03 1.8051E+02 0.1474
.450000E+03 2.1512E+02 0.1563
.460000E+03 2.0989E+02 0.1647
.470000E+03 2.1327E+02 0.1728
.480000E+03 2.1566E+02 0.1804
.490000E+03 2.1449E+02 0.1880
.500000E+03 1.9704E+02 0.1950
.510000E+03 2.0228E+02 0.2007
.520000E+03 1.8900E+02 0.2080
.530000E+03 1.9666E+02 0.2131
.540000E+03 1.8957E+02 0.2185
.550000E+03 1.9388E+02 0.2242
.560000E+03 1.8903E+02 0.2325
.570000E+03 1.9219E+02 0.2359
.580000E+03 1.9255E+02 0.2483
.590000E+03 1.7777E+02 0.2335
.600000E+03 1.8481E+02 0.2591
.610000E+03 1.7924E+02 0.2731
.620000E+03 1.7685E+02 0.2826
.630000E+03 1.7133E+02 0.2842
.640000E+03 1.6681E+02 0.2992
.650000E+03 1.5740E+02 0.2978
.660000E+03 1.6099E+02 0.3125
.670000E+03 1.5909E+02 0.3247
.680000E+03 1.5500E+02 0.3322
.690000E+03 1.5349E+02 0.2928
.700000E+03 1.4824E+02 0.3141
    30.090
.400000E+03 1.7754E+02 0.1099
.410000E+03 1.6800E+02 0.1196
.420000E+03 1.6188E+02 0.1291
.430000E+03 1.1930E+02 0.1384
.440000E+03 1.8051E+02 0.1474
.450000E+03 2.1512E+02 0.1563
.460000E+03 2.0989E+02 0.1647
.470000E+03 2.1327E+02 0.1727
.480000E+03 2.1566E+02 0.1804
.490000E+03 2.1449E+02 0.1880
.500000E+03 1.9704E+02 0.1950
.510000E+03 2.0228E+02 0.2006
.520000E+03 1.8900E+02 0.2080
.530000E+03 1.9666E+02 0.2131
.540000E+03 1.8957E+02 0.2184
.550000E+03 1.9388E+02 0.2241
.560000E+03 1.8903E+02 0.2324
.570000E+03 1.9219E+02 0.2358
.580000E+03 1.9255E+02 0.2483
.590000E+03 1.7777E+02 0.2335
.600000E+03 1.8481E+02 0.2590
.610000E+03 1.7924E+02 0.2731
.620000E+03 1.7685E+02 0.2825
.630000E+03 1.7133E+02 0.2842
.640000E+03 1.6681E+02 0.2991
.650000E+03 1.5740E+02 0.2977
.660000E+03 1.6099E+02 0.3124
.670000E+03 1.5909E+02 0.3247
.680000E+03 1.5500E+02 0.3322
.690000E+03 1.5349E+02 0.2928
.700000E+03 1.4824E+02 0.3141
    30.100
.400000E+03 1.7754E+02 0.1098
.410000E+03 1.6800E+02 0.1195
.420000E+03 1.6188E+02 0.1291
.430000E+03 1.1930E+02 0.1384
.440000E+03 1.8051E+02 0.1473
.450000E+03 2.1512E+02 0.1563
.460000E+03 2.0989E+02 0.1646
.470000E+03 2.1327E+02 0.1727
.480000E+03 2.1566E+02 0.1804
.490000E+03 2.1449E+02 0.1880
.500000E+03 1.9704E+02 0.1949
.510000E+03 2.0228E+02 0.2006
.520000E+03 1.8900E+02 0.2080
.530000E+03 1.9666E+02 0.2130
.540000E+03 1.8957E+02 0.2184
.550000E+03 1.9388E+02 0.2241
.560000E+03 1.8903E+02 0.2324
.570000E+03 1.9219E+02 0.2358
.580000E+03 1.9255E+02 0.2483
.590000E+03 1.7777E+02 0.2335
.600000E+03 1.8481E+02 0.2590
.610000E+03 1.7924E+02 0.2730
.620000E+03 1.7685E+02 0.2825
.630000E+03 1.7133E+02 0.2841
.640000E+03 1.6681E+02 0.2991
.650000E+03 1.5740E+02 0.2977
.660000E+03 1.6099E+02 0.3124
.670000E+03 1.5909E+02 0.3246
.680000E+03 1.5500E+02 0.3321
.690000E+03 1.5349E+02 0.2927
.700000E+03 1.4824E+02 0.3141
